20 3 2019 420
0
0
0
0
0 3 0
2
zyx12 1 16.3.2019[07:00] 100.000000 2 28 1 420 420 100.000000 0
xcc12 2 16.3.2019[07:00] 100.000000 1 33 1 420 420 100.000000 0
0
0
0
2 0 0
2
fyx13 1 16.3.2019[07:00] 100.000000 1 6 1 420 420 100.000000 0
fcc13 2 16.3.2019[07:00] 100.000000 1 33 1 420 420 100.000000 0
0
0
0
0 0 0
2
dyx14 1 16.3.2019[07:00] 100.000000 0 0 1 420 420 100.000000 0
dcc14 2 16.3.2019[07:00] 100.000000 0 0 1 420 420 100.000000 0
0
0
0
0 2 0
2
syx14 1 16.3.2019[07:00] 100.000000 1 24 1 420 420 100.000000 0
scc14 2 16.3.2019[07:00] 100.000000 1 12 1 420 420 100.000000 0
0
0
0
0 0 0
2
wyx15 1 16.3.2019[07:00] 100.000000 0 0 1 420 420 100.000000 0
wcc15 2 16.3.2019[07:00] 100.000000 0 0 1 420 420 100.000000 0
0
0
0
0 0 0
2
qyx16 1 16.3.2019[07:00] 100.000000 0 0 1 420 420 100.000000 0
qcc16 2 16.3.2019[07:00] 100.000000 0 0 1 420 420 100.000000 0
0
0
0
2 0 0
2
ayx17 1 16.3.2019[07:00] 100.000000 1 24 1 420 420 100.000000 0
acc17 2 16.3.2019[07:00] 100.000000 1 12 1 420 420 100.000000 0
0
0
0
0 0 0
2
eyx18 1 16.3.2019[07:00] 100.000000 0 0 1 420 420 100.000000 0
eec18 2 16.3.2019[07:00] 100.000000 0 0 1 420 420 100.000000 0
0
0
0
0 0 0
2
ryx19 1 16.3.2019[07:00] 100.000000 0 0 1 420 420 100.000000 0
rcc19 2 16.3.2019[07:00] 100.000000 0 0 1 420 420 100.000000 0
0
0
0
2 0 0
2
tyx15 1 16.3.2019[07:00] 100.000000 1 22 1 420 420 100.000000 0
tcc14 2 16.3.2019[07:00] 100.000000 1 18 1 420 420 100.000000 0
0
0
0
0 0 0
2
zyx12 1 16.3.2019[07:00] 100.000000 0 0 1 420 420 100.000000 0
zcc12 2 16.3.2019[07:00] 100.000000 0 0 1 420 420 100.000000 0
0
0
0
0 0 0
2
uyx12 1 16.3.2019[07:00] 100.000000 0 0 1 420 420 100.000000 0
ucc12 2 16.3.2019[07:00] 100.000000 0 0 1 420 420 100.000000 0
0
0
0
0 2 0
2
iyx12 1 16.3.2019[07:00] 100.000000 1 22 1 420 420 100.000000 0
icc12 2 16.3.2019[07:00] 100.000000 1 18 1 420 420 100.000000 0
0
0
0
0 0 0
2
oyx12 1 16.3.2019[07:00] 100.000000 0 0 1 420 420 100.000000 0
occ12 2 16.3.2019[07:00] 100.000000 0 0 1 420 420 100.000000 0
0
0
0
0 0 0
2
pyx12 1 16.3.2019[07:00] 100.000000 0 0 1 420 420 100.000000 0
pcc12 2 16.3.2019[07:00] 100.000000 0 0 1 420 420 100.000000 0
0
0
0
0 0 0
2
lyx12 1 16.3.2019[07:00] 100.000000 0 0 1 420 420 100.000000 0
lcc12 2 16.3.2019[07:00] 100.000000 0 0 1 420 420 100.000000 0
0
0
0
0 0 0
2
kyx12 1 16.3.2019[07:00] 100.000000 0 0 1 420 420 100.000000 0
kcc12 2 16.3.2019[07:00] 100.000000 0 0 1 420 420 100.000000 0
0
0
0
0 0 0
2
jyx12 1 16.3.2019[07:00] 100.000000 0 0 1 420 420 100.000000 0
jcc12 2 16.3.2019[07:00] 100.000000 0 0 1 420 420 100.000000 0
0
0
0
0 0 0
2
myx12 1 16.3.2019[07:00] 100.000000 0 0 1 420 420 100.000000 0
mcc12 2 16.3.2019[07:00] 100.000000 0 0 1 420 420 100.000000 0
0
0
0
0 0 0
2
ssx12 1 16.3.2019[07:00] 100.000000 0 0 1 420 420 100.000000 0
ssc12 2 16.3.2019[07:00] 100.000000 0 0 1 420 420 100.000000 0
0
0
0
0 0 0
2
ggx12 1 16.3.2019[07:00] 100.000000 0 0 1 420 420 100.000000 0
ggc12 2 16.3.2019[07:00] 100.000000 0 0 1 420 420 100.000000 0
0
0
0
0 0 0
2
rtx12 1 16.3.2019[07:00] 100.000000 0 0 1 420 420 100.000000 0
rwc12 2 16.3.2019[07:00] 100.000000 0 0 1 420 420 100.000000 0
0
0
0
0 0 0
2
dex12 1 16.3.2019[07:00] 100.000000 0 0 1 420 420 100.000000 0
dsc12 2 16.3.2019[07:00] 100.000000 0 0 1 420 420 100.000000 0
0
0
0
1 0 0
2
ddx12 1 16.3.2019[07:00] 100.000000 1 22 1 420 420 100.000000 0
hjc12 2 16.3.2019[07:00] 100.000000 0 0 1 420 420 100.000000 0
4
CA700CE 4.200000 51 16.3.2019[07:00] 8364
0
1
CA MT
CA560KA 2.500000 38 16.3.2019[07:00] 0
0
0
ZA894FK 4.700000 65 16.3.2019[07:00] 0
0
0
BA123LS 3.200000 57 16.3.2019[09:00] 0
0
0
BA123LS 3.200000 5 16.3.2019[09:30] 0
0
0
